0 7 0.219482239065 0.00573840947813 0.168968023256 0.0246078796552 0.0121988805324 0.000104300680969 0.095935921358 0.00355559805467 -25.1748330051 2.1981906825 2.09318736417 0.597150958383 0.0745619985797 0.323629319379 0.350611109478 0.215945829115 -0.28068752004 0.188472087552 0.279069767442 
0 7 0.270194303038 0.00607898438729 0.188317587209 0.03817646693 0.0103774335401 7.95880323786e-05 0.133436490238 0.00781037817253 -25.3671835478 1.94985377764 2.11774759565 0.308741724015 0.259978127005 0.429661988515 0.390483210148 0.252667955436 -0.0399516579419 0.0751705907543 0.255813953488 
0 7 0.282997630933 0.00475777118922 0.234011627907 0.0372802833404 0.00981705344577 9.93061037776e-05 0.122696036044 0.00547755235343 -25.9207539101 3.0279775897 1.78861558965 0.330316406625 0.890133916012 0.161892537117 0.44028137445 0.170053186329 0.108131649773 0.0793931467001 0.279069767442 
0 7 0.250891223076 0.00937697331759 0.232830668605 0.045621749193 0.0118909991796 9.63964141407e-05 0.112592727438 0.00330513241294 -25.1803599889 1.47915100248 1.9821650876 0.458088978026 -0.0460796643306 0.376399636139 0.524004624967 0.103780885676 -0.0974138677882 0.112366189462 0.255813953488 
0 7 0.259598524088 0.0138236852331 0.262445494186 0.0781542797099 0.0101740201052 4.34190623295e-05 0.124015837619 0.0109271311279 -24.7218786111 1.34047667921 2.23830509321 0.436088001408 0.0465699034414 0.418160260382 0.563965921303 0.169112249041 -0.150244395179 0.130808713463 0.395348837209 
0 7 0.213468048323 0.00478188449567 0.165970203488 0.0209700985171 0.010321259227 6.14387270949e-05 0.0952987757703 0.0036044120121 -24.6327595988 2.03212873473 1.9083280758 0.57105909657 -0.0302255474873 0.349460974971 0.505463078159 0.189811508306 -0.133313717192 0.13563508426 0.302325581395 
0 7 0.190008711893 0.00465323422717 0.141351744186 0.013499596752 0.0115170353982 6.71553121922e-05 0.0841942383835 0.0017157666943 -24.8511634941 1.09683174175 2.08629154101 0.508536305275 -0.293473355632 0.417075334556 0.700576413107 0.251232240753 -0.0144780453511 0.182403219705 0.302325581395 
0 7 0.248714687099 0.00550071963061 0.162790697674 0.0339850285944 0.0122782701823 7.289314176e-05 0.0971647021344 0.00403891588368 -25.686106335 2.57386353251 2.40621281034 0.432770126654 0.222967463555 0.406008665297 0.253369422074 0.345303810302 0.0407887144856 0.0856466443574 0.279069767442 
0 7 0.262586048689 0.00528765874032 0.170603197674 0.0293144197191 0.00774527833799 4.70297059592e-05 0.11354844582 0.00472034365109 -26.2397139289 3.68982276443 2.27445916823 0.802848062238 0.443796340241 0.155745799753 0.641432329063 0.254549298842 0.00780685326769 0.0810847656554 0.325581395349 
0 7 0.197245804884 0.00497575371782 0.11773255814 0.0120853735602 0.014395905992 9.83454895782e-05 0.076821553725 0.00145955555368 -25.1553535935 2.20872664733 2.27946705041 0.477012308542 0.0958093533526 0.45577455181 0.792303009714 0.277087165028 -0.0481590789372 0.169125913529 0.372093023256 
0 7 0.271315455647 0.0117908439863 0.290152616279 0.0767640051421 0.010134637317 6.43412495463e-05 0.14012651891 0.00899754654149 -24.5493409659 1.71430436912 2.02632151673 0.332653900962 0.0975770410762 0.794100875026 0.543209200953 0.219237728761 0.154480234331 0.128915463598 0.302325581395 
0 7 0.218450876094 0.00224978753728 0.111010174419 0.00543229395535 0.00671944081719 1.41882282802e-05 0.0898375278751 0.00182020470301 -24.0450918287 0.967512376855 2.39612875027 0.342058208147 -0.544844323838 0.224423668237 0.412711169881 0.066101452122 0.124884769226 0.11282872963 0.372093023256 
0 7 0.18070764272 0.00528446563334 0.0736736918605 0.00937072852936 0.0161015290877 0.000105613902125 0.0600737268466 0.00222948140209 -25.5915231827 2.20468796056 2.51789281877 0.443148509528 0.248756298047 0.143516495143 0.66251939054 0.126971588028 0.103399818073 0.0699715620096 0.279069767442 
0 7 0.198842461036 0.0092257641222 0.128997093023 0.0452053963397 0.00809791087127 3.62188659157e-05 0.0761844081373 0.00670123177303 -26.0346666693 1.50589484132 2.48121850538 0.443193702392 0.417866102322 0.132879788579 0.719427385724 0.100566278242 0.0845934665952 0.0754667355497 0.279069767442 
0 7 0.216845780818 0.00473566724195 0.113372093023 0.0140178509181 0.0101428497807 5.72936556875e-05 0.0821007600237 0.00280703038382 -24.7505142525 1.96349877166 2.40926221164 0.516274382564 0.286677176926 0.343359982795 0.602283361399 0.162090919925 0.0631904779134 0.066097132781 0.441860465116 
0 7 0.243116918742 0.00849293447038 0.200399709302 0.0629325936845 0.00840606639768 1.87594301237e-05 0.116825194557 0.00850403842605 -24.3021598722 1.12711214401 2.1951260737 0.276519080204 0.189182795353 0.382847891282 0.487848813924 0.197046800985 0.170453396302 0.0907928021229 0.325581395349 
0 7 0.22736479477 0.00255635689903 0.119731104651 0.0119024826553 0.00999600090556 4.28928696907e-05 0.0879716015109 0.00175254285808 -24.6283736234 0.702896658839 2.12684141723 0.332554327643 -0.125262938995 0.246050476533 0.550386786091 0.186750605444 0.113299206483 0.0793864767664 0.255813953488 
0 7 0.209655912375 0.00520417807332 0.118368459302 0.0180682052852 0.00852852225111 3.34637419126e-05 0.0788240112866 0.00320822941683 -25.4236833292 2.02256211679 2.33691602244 0.407354587344 0.439048934067 0.199675384627 0.595820124338 0.101911057382 0.21355397863 0.119694229949 0.209302325581 
0 7 0.177126664236 0.00621362919737 0.0847565406977 0.0114473102543 0.0163542902296 0.000154153997993 0.0574341236973 0.00218643779791 -25.9208289196 2.10639597251 2.47981065348 0.409953816786 0.461688927393 0.24277150297 0.746075692141 0.120342842436 0.183107355473 0.0563965569641 0.302325581395 
0 7 0.197519744011 0.00737565465062 0.110919331395 0.0326801669346 0.0136154319623 0.00021438986576 0.0673553907068 0.00514048998903 -25.9139158775 2.04339748701 2.26053024791 0.300635312457 0.156805011968 0.283745508845 0.784506080587 0.135514434147 0.131680609259 0.110772416392 0.348837209302 
0 7 0.188088724416 0.00386871657355 0.112009447674 0.0056341985163 0.0100599326345 3.36821207549e-05 0.0794156464752 0.00145726481043 -24.5297078687 2.04239121418 2.34394480717 0.332658578728 -0.051892875706 0.253480845806 0.294048334914 0.180204478697 0.00721605934489 0.110043489258 0.348837209302 
0 7 0.189442577173 0.00270944075129 0.12054869186 0.00552622339673 0.00908301874346 2.95126853764e-05 0.0817366768307 0.00140429189057 -23.9860091266 1.43952530713 2.15330082728 0.411090403109 0.17993863575 0.223450189646 0.230560820046 0.115285742224 -0.0265651994899 0.135135247058 0.372093023256 
0 7 0.240802757898 0.00150827545965 0.167242005814 0.00351538072734 0.00614054008213 1.33988292167e-05 0.115869476175 0.00085348619713 -23.103423508 0.892551866894 1.47393688132 0.200544976473 -0.287549393417 0.165142302282 0.464660450528 0.10788108262 0.139373280769 0.133189016083 0.279069767442 
0 7 0.21813668609 0.00104597130688 0.153888081395 0.00318315339901 0.0072714206576 1.32853446636e-05 0.108132708324 0.000916993222024 -22.7164738968 0.359091923887 1.6248350581 0.114227716442 -0.319007123913 0.17039735725 0.358945375863 0.105507177465 0.164050965512 0.0514480178918 0.372093023256 
0 7 0.246079774203 0.00354539136421 0.223564680233 0.023177630196 0.00611905087643 5.6921274101e-06 0.130023210304 0.00353080583341 -23.5549994714 0.676546264932 1.66753135493 0.112444533564 -0.0948359587366 0.299340089647 0.340432626863 0.110693755276 -0.112807876431 0.0669781401318 0.372093023256 
0 7 0.236146414274 0.00399429323569 0.213117732558 0.0336724586136 0.00673053247571 1.17236364387e-05 0.121922359259 0.00279413097247 -23.3859357984 0.771187289852 1.62835304969 0.213958164761 -0.225797589472 0.15568454891 0.629242818409 0.110166508942 0.0219403533751 0.0832492992907 0.325581395349 
0 7 0.232785887287 0.00355817412965 0.213117732558 0.0244235033084 0.00972874058933 2.63807394868e-05 0.124152368816 0.00312361690033 -23.652891111 0.49461696114 1.4783526916 0.154988020151 0.340110457987 0.217760111236 0.261547324138 0.135841558342 -0.141860899461 0.151229598794 0.395348837209 
0 7 0.243045208128 0.0023373024508 0.24609375 0.0089593931686 0.00730543452151 1.44247707198e-05 0.139261821326 0.0014928355379 -23.8273456528 0.619768362292 1.25399670357 0.150516762569 0.389851571085 0.169293670117 0.227889240196 0.374066813352 0.171150874186 0.0587433868085 0.325581395349 
0 7 0.269846294684 0.00708970036202 0.283521075581 0.0491859844532 0.00513657471698 7.88661493812e-06 0.149911254722 0.00807112937571 -23.6945488557 0.726261408812 1.62522947844 0.12551150207 0.304368034748 0.0885256532202 0.209032977251 0.073273678284 -0.0353306126377 0.057936077179 0.325581395349 
0 7 0.216854319981 0.00226770539324 0.157885174419 0.0093626741334 0.00818048812032 2.78862179578e-05 0.0985755245073 0.00179512665665 -23.4063044512 0.756013197891 1.71620456006 0.109849127972 -0.0698883195367 0.250866810358 0.487455756843 0.124550106026 -0.125547750111 0.0846814162497 0.395348837209 
1 7 0.242886418173 0.00153277892959 0.188226744186 0.00732865857072 0.00592335424582 1.27231789818e-05 0.12342420243 0.000942340523918 -23.4718555125 0.308228426311 1.37031446553 0.144684726223 0.0118973507572 0.232349116463 0.874204891588 0.212786007597 0.0903084732346 0.11195055482 0.511627906977 
1 7 0.259820880799 0.000668794504297 0.230105377907 0.0100578939418 0.00641382346359 8.39525259868e-06 0.140399581304 0.00115763725028 -23.4545801966 0.384794239541 1.23464660641 0.111340027052 0.0568248134612 0.19967805637 0.668053926136 0.0741395297659 0.0791037061992 0.0814896669011 0.441860465116 
1 7 0.256860978321 0.00119165030849 0.21121002907 0.010215862433 0.00493636313283 5.8275950391e-06 0.128930960725 0.00125188497257 -23.6730384054 0.45220016032 1.27868767469 0.10710841164 -0.370187104046 0.271008597561 0.621927892599 0.121323033507 0.0601544867843 0.0793962334889 0.558139534884 
1 7 0.249839863504 0.00135909126966 0.228288517442 0.00790284787596 0.00519275771958 1.19472060156e-05 0.13644017658 0.00139084154097 -23.4015565589 0.352030505169 1.34541557841 0.0684797014101 0.0563717565751 0.194727481858 0.662164535052 0.119680335868 0.154657103424 0.104017955389 0.46511627907 
1 7 0.25754150631 0.00125461268435 0.239098837209 0.0139632526767 0.00510492195984 8.47036575221e-06 0.137942019752 0.00201445807366 -23.6012076842 0.284602413988 1.44342303934 0.085053239204 0.347700284421 0.0699094291348 0.593902564208 0.0457446236597 0.14797394617 0.0628804017738 0.325581395349 
1 7 0.271102531074 0.00136100560979 0.223837209302 0.0148773440933 0.00648325163932 1.00809115329e-05 0.135529968598 0.00178231423555 -23.8486710758 0.452717652259 1.28481705741 0.451918208795 -0.318042135857 0.325256517826 0.355822435846 0.122378400117 -0.0200159268245 0.123411089403 0.372093023256 
1 7 0.245039085347 0.00306530460878 0.209756540698 0.0195153062572 0.01253790566 0.000157565547466 0.129295043918 0.00356021268031 -25.16621821 5.15717780343 0.564741611777 1.82057921687 -0.431430763179 0.595505269553 0.315237467582 0.166397077614 0.150266946186 0.0738105189124 0.511627906977 
1 7 0.268874333247 0.00115953494154 0.184047965116 0.0152454530954 0.00804381242027 1.48571967551e-05 0.139489373322 0.00243446357024 -23.5289975202 1.41603742056 1.75990300012 0.919086004683 0.102497759234 0.119529090872 0.079013648034 0.119810512413 -0.0158184853222 0.0692822455214 0.46511627907 
1 7 0.250914649505 0.00711535530633 0.244640261628 0.0310229089468 0.00532490948102 6.07843587175e-06 0.12606380558 0.00303721487012 -25.0757381044 0.769325322567 1.4336343263 0.233176828531 -0.346757959143 0.778543632171 0.526673361503 0.0929988128334 0.0752073961899 0.138992480726 0.418604651163 
1 7 0.17883686953 0.000670819667524 0.124545784884 0.00148202536105 0.00646443301335 2.90407451861e-05 0.0881991535066 0.000585916615301 -24.561891584 1.79126662667 1.12753684678 0.371959775826 -1.70222946611 0.528589445065 0.298686092543 0.174534309643 -0.270987964045 0.140805692125 0.558139534884 
1 7 0.199550853872 0.00495882682018 0.19503997093 0.0133109126238 0.00560425272586 1.10305239456e-05 0.129204023119 0.00574775649712 -25.2702525934 2.25088462296 0.909014833465 0.261387366818 -1.25732030546 0.355777833335 0.0222952392725 0.152230962891 -0.790733867824 0.210933421926 0.395348837209 
1 7 0.184660441199 0.00158172961017 0.165606831395 0.00424984921114 0.00846037159318 2.13685708783e-05 0.109634551495 0.00132977438546 -24.4511353286 0.800708885492 0.801441074461 0.281198748686 -1.29539567141 0.208371861864 0.184396597894 0.222651973261 -0.641689904387 0.254635757792 0.46511627907 
1 7 0.259180510282 0.0183446005225 0.276071947674 0.0678233450461 0.00575578969478 1.87863485762e-05 0.185363855641 0.0222477854348 -25.8842459076 2.40739908818 0.564254317903 0.378956615476 -0.875634482203 0.303361118288 0.2202668977 0.100435613882 -0.986721310709 0.130122102323 0.325581395349 
1 7 0.23220801943 0.00971173452524 0.271711482558 0.0396311931703 0.00570799891274 1.1630313113e-05 0.15314249306 0.0110789042598 -25.3368012405 0.770662194901 0.69556225488 0.288525053649 -0.891936843855 0.146559510658 -0.304389694328 0.339027523175 -0.440728221255 0.138882765637 0.441860465116 
1 7 0.256538652357 0.00509444315023 0.262990552326 0.0211775817376 0.00579556213496 1.45336737383e-05 0.172302371092 0.00790437320885 -25.1518106236 1.53354370398 0.102822563631 0.338605887763 -1.02612787277 0.258530231526 -0.148639858497 0.138159724568 -0.528018524736 0.172723389569 0.325581395349 
1 7 0.246345462524 0.000477022253211 0.233284883721 0.00326916048371 0.00484807482995 3.26104444976e-06 0.143721840441 0.000881049679202 -24.3107630032 0.863235983668 1.19677149306 0.466914927064 -0.173050716351 0.157439686245 0.0348089277146 0.192308129668 -0.311383551883 0.167575737254 0.581395348837 
1 7 0.223406201732 0.000605185899791 0.211755087209 0.00784057485148 0.00658914286422 1.00641892638e-05 0.120739088882 0.00144538442772 -23.7540608307 0.364506660544 1.23894984552 0.138659727037 -0.570543586811 0.234172557505 0.236531840318 0.443354160513 -0.0972105340495 0.529165013696 0.372093023256 
1 7 0.277376406598 0.00137769983479 0.257994186047 0.0149883561163 0.00788126484177 4.81254470595e-05 0.149365129932 0.00192706186916 -24.0177820876 0.836565037167 1.18987215743 0.170531433242 0.456225370719 0.119117895472 1.20075784808 0.28512509111 -0.0713551157422 0.164942024832 0.46511627907 
1 7 0.283754005203 0.00408924812266 0.321130087209 0.0497837922843 0.00595562637133 1.87824624989e-05 0.164838665635 0.00696974167804 -28.7966161122 34.7066785212 1.12325643047 0.114588403589 0.408585927898 0.134943313734 0.660284000603 0.103008217417 0.0910994015986 0.0466322913923 0.511627906977 
1 7 0.287677999588 0.00602356844857 0.352016715116 0.0543086628065 0.00572758969648 2.46783219422e-05 0.175943203022 0.00800053471664 -29.574423146 35.7730329497 1.20328557739 0.22361044631 0.370422827263 0.111739482499 0.640076803274 0.0628927202453 0.130575010932 0.0747241637455 0.441860465116 
1 7 0.288664633253 0.00573747133245 0.335029069767 0.0570407865369 0.00701609263052 2.94043026262e-05 0.162654166477 0.00881355802034 -29.9105238819 35.157766454 1.14572849754 0.16371562721 0.279859551801 0.199728607364 0.655187576354 0.131047041554 0.252695122656 0.050035549382 0.418604651163 
1 7 0.256744439972 0.00208303297753 0.195221656977 0.0193988806238 0.0100801113061 5.51950351186e-05 0.117735402539 0.00247963636435 -24.1085438754 1.19445500548 1.44865161364 0.420597132221 0.592080496278 0.0848307452117 0.886244889821 0.077043246391 0.418093742175 0.0894182881947 0.46511627907 
1 7 0.278707708337 0.00159829731035 0.273619186047 0.0155014772554 0.00728409871754 2.82835250288e-05 0.153779638647 0.00176096434276 -24.036506269 0.524886360011 1.41064814427 0.203272004702 0.331015787357 0.138118648799 0.642914007196 0.148474725859 0.0235973852647 0.0444078247401 0.46511627907 
1 7 0.245465611233 0.00166465787762 0.201580668605 0.0116301351396 0.00662852730663 1.25350025887e-05 0.128612387931 0.00162507314508 -23.5148745666 0.337241942388 1.08621476423 0.195406566197 -0.221176578274 0.248005083307 0.522130138403 0.131045674566 -0.0498868585278 0.0667328401217 0.46511627907 
1 7 0.237469059417 0.00129671079742 0.186773255814 0.00433296793664 0.00590169955568 1.37368016139e-05 0.124243389615 0.000947501945418 -23.4087368178 0.198404713598 1.21428630459 0.191203123928 -0.141824936531 0.281373409283 0.906182801928 0.139851533637 0.139331054898 0.222238412528 0.395348837209 
1 7 0.251150953775 0.000839589258507 0.20339752907 0.00873398561617 0.00776912381692 2.92741158453e-05 0.123469712829 0.00164475365354 -23.3932272134 0.36690526951 1.14332299882 0.10191095226 0.0511573171143 0.212383805573 0.761112003617 0.0968176782393 0.200259708138 0.081557324288 0.511627906977 
1 7 0.261483476492 0.000866381782385 0.233648255814 0.00913487336905 0.00493767595676 6.0491351734e-06 0.149911254722 0.00109245255628 -23.4760381328 0.320200164779 1.17635350749 0.127442549669 -0.268540326396 0.217595399023 0.564846851952 0.107481562729 0.0815530885888 0.0796409446848 0.581395348837 
1 7 0.246769140737 0.000727025302936 0.215570494186 0.00544082699369 0.0063376107112 1.13309985352e-05 0.133982615028 0.000952663366918 -23.2583179814 0.22116166274 1.21707004125 0.106482289015 -0.207200150065 0.107450133439 0.819731704817 0.155723931866 0.255552116528 0.0707168327187 0.488372093023 
1 7 0.260326610249 0.00155069687261 0.264989098837 0.0148151700983 0.00521902848298 1.06648354015e-05 0.151640649888 0.00300838381583 -23.5547541558 0.262383051542 1.1401128181 0.0974898196552 -0.0642306408723 0.197206059189 0.488676556721 0.113848735999 0.0982715588613 0.0740533502757 0.441860465116 
1 7 0.254332579284 0.000887722002781 0.231195494186 0.00691986496607 0.00603410109984 1.49569840073e-05 0.14376735084 0.00119063555178 -23.4539534715 0.399581761825 1.2773788164 0.0696061302821 0.0419475540631 0.103760946721 0.46442797465 0.119026302129 0.032020029863 0.122272288001 0.46511627907 
2 7 0.381816659103 0.0092300468568 0.544785610465 0.111864204469 0.00589051508371 2.35342895291e-05 0.23801938743 0.0149886893309 -25.0071160291 1.53275987802 1.68467592949 0.375740197612 0.70312894608 0.0592965178404 -0.0964666442224 0.190032300081 0.246100753753 0.114882174474 0.372093023256 
2 7 0.457136994444 0.0130275635691 0.71121002907 0.0752289495061 0.00679773395946 0.000109199537308 0.356164383562 0.028391364139 -26.9484984212 4.36048330966 1.27164687314 0.958623145005 0.497198010137 0.202616179012 0.0621926581341 0.293164867174 -0.0538947191346 0.175381167576 0.255813953488 
2 7 0.376579189045 0.0233607038244 0.521711482558 0.133438679771 0.00813935872419 3.15683230158e-05 0.272243207573 0.0393365188183 -27.8077053181 9.12723600883 1.46831495672 0.744284378128 0.0131233902692 0.355734600162 -0.033868341553 0.500904310875 -0.149516165093 0.21120109246 0.255813953488 
2 7 0.368358781583 0.0148390145874 0.454578488372 0.121533787399 0.00724971501646 2.2404093503e-05 0.221271560552 0.0288971254525 -26.9316971277 3.07107167956 1.72053033433 0.817608392208 0.155985452832 0.642658457344 0.270387782973 0.139797575278 -0.0876785374968 0.24987704249 0.186046511628 
2 7 0.29636913399 0.017811383075 0.266896802326 0.110565697199 0.0139527143618 0.000220165771111 0.156874345788 0.0250645504419 -27.8856029291 8.24926770271 2.35624647992 0.395879222902 0.595321381608 0.40930010379 0.244769619211 0.164694772543 0.32927483513 0.149976509729 0.279069767442 
2 7 0.283725736484 0.0108658412911 0.28851744186 0.0710843686093 0.00897425039269 9.250423408e-05 0.142993674055 0.0106220728907 -25.611299565 1.80008717441 2.25197426521 0.522255864415 0.812074736592 0.199152377013 -0.115255986748 0.134673283679 0.197192536406 0.135547299569 0.325581395349 
2 7 0.407015656162 0.0104913807496 0.62136627907 0.0818299726256 0.00668865171162 6.56314197765e-05 0.287307149684 0.0254833753565 -27.6681694094 7.50101824395 1.69641273487 0.90646815793 0.591224302041 0.124016140906 -0.339689128868 0.344198399523 0.00611374498561 0.105186239835 0.232558139535 
2 7 0.408804314996 0.0248448268203 0.403343023256 0.145187089094 0.00813798331972 6.1187385337e-05 0.229053838802 0.0475222889163 -26.6696407705 2.41298887401 2.01799719061 0.764062570771 0.447737656757 0.365890944845 -0.309277335515 0.787514564006 -0.237668639829 0.183418825912 0.279069767442 
2 7 0.345366959388 0.008984383339 0.440588662791 0.124754126359 0.00954238429466 9.30952498283e-05 0.205661493651 0.0151008694719 -26.2496792879 1.42314350961 1.3156872425 0.401416912057 -0.39311246857 1.26116280539 0.538634943205 0.0855730138272 -0.165756000941 0.245074255493 0.232558139535 
2 7 0.378438497532 0.020454023435 0.482921511628 0.16929095832 0.00996666037912 4.11908901715e-05 0.24320757293 0.0357965251575 -26.8256258415 1.62362857631 1.88511437408 0.395913918953 0.245880034454 0.511666203983 0.621658495084 0.36785509066 0.00554904103338 0.293455658846 0.302325581395 
2 7 0.41850467995 0.0134871393539 0.64480377907 0.0943286951456 0.00684798764977 9.4425345879e-05 0.302962726983 0.022884027981 -25.0100747511 2.93827399968 1.57355216798 0.313608902677 0.456687099986 0.250738069921 0.277082819033 0.137677619996 0.0264863634902 0.151770828039 0.348837209302 
2 7 0.392557774956 0.00905396751108 0.592932412791 0.0773319390866 0.00411856354325 7.11750414658e-06 0.274655258727 0.0185447099097 -24.8820494435 0.819867090292 1.00634321922 0.324938791436 -0.50803104833 0.488212760529 -0.137203414145 0.227268694622 -0.484358897197 0.125143949819 0.302325581395 
2 7 0.297584234964 0.00909183545004 0.298510174419 0.0798902166025 0.00589618364886 3.13297015297e-05 0.15783006417 0.0137207857252 -25.0654164164 0.915067202303 1.47377483949 0.402922033814 -0.441897156017 0.339669506236 0.252168617318 0.194358158763 -0.234756087997 0.225002062863 0.255813953488 
2 7 0.362649610742 0.0143583602671 0.421239098837 0.103559577575 0.00530719620946 1.13517689988e-05 0.217221135029 0.0196458863453 -25.4384719394 1.58524090467 1.27795448152 0.796338441504 -0.12685089859 0.699249626664 -0.218939171136 0.350116639505 0.212662194124 0.141203735592 0.255813953488 
2 7 0.383963746481 0.0251505814959 0.447129360465 0.137410965915 0.0078576492968 2.30294089351e-05 0.251535975971 0.0461525942909 -25.972628315 2.36263926527 1.71683581352 0.410228421541 0.0969822767547 0.501202275146 -0.12523719991 0.298561268635 0.155804834133 0.109281064169 0.255813953488 
2 7 0.328474491439 0.0117988165637 0.398074127907 0.0974148161802 0.00656914030155 2.42410575669e-05 0.17967505575 0.0166312019499 -25.2582711963 1.48705104478 1.56100685795 0.2517843979 0.594447613291 0.135777019246 0.295012939992 0.230919523879 0.282732499598 0.0800064839054 0.255813953488 
2 7 0.421881966698 0.0326217894259 0.536609738372 0.143605803205 0.00736922290716 4.58609868543e-05 0.336549401538 0.0691335004136 -26.2926977791 2.73249167136 1.40347594347 0.922123539581 -0.521075309445 0.635349951082 -0.226118798394 0.254129755811 -0.347846175089 0.149029264305 0.395348837209 
2 7 0.274480968171 0.0183910403994 0.24663880814 0.095323842174 0.0134060159595 0.000121114348173 0.136030582988 0.0249577554116 -26.1974173275 3.98535192551 2.40198001127 0.462533877697 0.475108452249 0.153609801861 0.150624966884 0.123975813379 0.212846395341 0.0729147721045 0.348837209302 
2 7 0.4278991334 0.00433560581958 0.707667151163 0.0546164793734 0.00461401243646 1.82787402751e-05 0.307968870887 0.0168611171807 -27.0976926524 7.74078061145 0.767572234079 0.376259751415 0.342680284245 0.323526039939 -0.0209548518286 0.170371772327 -0.148269036396 0.242180010364 0.325581395349 
2 7 0.322754834279 0.00988018595118 0.33929869186 0.0910371870141 0.00756219995347 2.34533068414e-05 0.160697219315 0.0134438626203 -26.6500369554 3.51927695736 1.52558746338 0.308751474419 -0.50208997288 0.942640243254 0.0915478966351 0.3953032491 0.0184039907405 0.158908491875 0.279069767442 
2 7 0.291267572966 0.00550348680298 0.363190406977 0.0482032161071 0.00483260285455 2.60165251523e-06 0.170663996723 0.0071499523369 -24.4166736469 2.71711287997 1.54813856806 0.151571850601 0.393468173918 0.23346369839 0.285997776133 0.0513754934062 0.163348619336 0.0913576494742 0.302325581395 
2 7 0.403651461374 0.00750772666701 0.650163517442 0.0575237201961 0.00333780289268 1.26338132055e-06 0.320165657853 0.0199741916912 -24.0542046761 1.03812712045 0.777140131362 0.189092259227 0.116251878018 0.249178654203 0.305226366848 0.151977450403 -0.0269931982472 0.0884767632559 0.395348837209 
2 7 0.341011248401 0.00481715108094 0.421693313953 0.0643274731221 0.00472735537668 7.26727906009e-06 0.2031129113 0.00887721002898 -24.6435489515 1.24455294918 1.15030976296 0.247681488958 0.282013209766 0.283156058182 -0.298295529946 0.407195903202 -0.126140636728 0.126416727356 0.325581395349 
2 7 0.320595465905 0.00634704310987 0.380632267442 0.0856268610936 0.00563847804528 1.11819513635e-05 0.198334319392 0.0113196891294 -24.9173472487 1.82977530503 1.26852256054 0.444711579887 0.366025039694 0.185963891344 -0.0304016467292 0.211915084972 -0.143380015825 0.13046253092 0.395348837209 
2 7 0.316809207503 0.00630328962053 0.32421875 0.084603952807 0.00716600767305 2.38919990282e-05 0.166067446412 0.0103287376253 -24.9991584805 1.7317684358 1.54952310645 0.642487263195 0.351996721359 0.324884984247 0.198388833618 0.250710504338 -0.121887678726 0.172365356137 0.302325581395 
2 7 0.316719583231 0.0056996284351 0.36355377907 0.0660474167572 0.00479536157523 3.66418254308e-06 0.185682428435 0.00965376370597 -24.190820248 1.00081234306 1.20036537247 0.219857451666 0.0395220988302 0.31730884834 0.566415062959 0.227587218617 0.209923598534 0.104094046981 0.302325581395 
2 7 0.350058835783 0.00616417172011 0.514171511628 0.0723813244173 0.00451641906523 6.20311643496e-06 0.245710644882 0.0111729904288 -24.9589642714 1.91772924619 0.884446155527 0.253151695526 -0.199171920167 0.303340367317 0.393601684338 0.245742561182 -0.180738969107 0.159035508593 0.46511627907 
2 7 0.386759359844 0.0187831228764 0.524345930233 0.104305417941 0.00493297739321 7.09599977646e-06 0.271196468393 0.0355430397114 -24.7688704438 1.34768882274 1.35455555782 0.28516360918 0.157780351205 0.200536420713 0.170909141002 0.28241840992 -0.205088909282 0.279073639599 0.372093023256 
2 7 0.357976815765 0.00720923462862 0.489825581395 0.0772117008191 0.00430483074217 4.81733644658e-06 0.244845947299 0.0162468044624 -24.6529551362 2.17508919884 1.18934934602 0.266094744317 0.429323846758 0.196491199816 -0.280101342888 0.125490064371 -0.00359834062149 0.254553332733 0.325581395349 
2 7 0.319619032874 0.00495689291942 0.361555232558 0.0661346452052 0.0059385597749 1.35772278801e-05 0.188777135575 0.00813475653 -24.7515398027 1.88146365292 1.29868217493 0.413168701264 -0.0135603509463 0.578512549758 0.1609869195 0.254279628129 0.0994236635481 0.263373543309 0.302325581395 
3 7 0.260945603949 0.0195056662881 0.223110465116 0.0880007787677 0.012307152877 0.000200535833686 0.135120375006 0.0212874586411 -25.3702818151 1.86023915596 2.19140911709 0.265545050572 -0.676466355286 0.327644965699 -0.0909962581427 0.27997083444 -0.518479433467 0.280970054305 0.302325581395 
3 7 0.261585625727 0.0065347079767 0.197129360465 0.0616613690308 0.00986505723233 4.76058094132e-05 0.12292358804 0.00481737920377 -26.3372324606 1.11950161366 2.49325061228 0.153549032214 -0.897556077699 0.415807074917 -0.167966877945 0.0701040421496 -0.329761949975 0.0834742087498 0.232558139535 
3 7 0.225094897597 0.00929078404346 0.170239825581 0.040521121399 0.0119374436813 9.94249623589e-05 0.0992126700951 0.00433240027522 -26.4071138562 3.70018706632 2.2122200859 0.599900141915 -0.424954320052 0.554805929514 0.0727554041819 0.140771273452 -0.458686151567 0.122103402914 0.302325581395 
3 7 0.267617031555 0.019391468593 0.231195494186 0.0995939429094 0.0135877742116 0.000170905352549 0.135894051791 0.0223348833871 -26.0937460395 1.34403535592 2.80532910454 0.338959593529 -0.671489666461 0.28413334881 -0.303405183603 0.148557832182 -0.131386852751 0.12561482574 0.209302325581 
3 7 0.244214495834 0.00951013512437 0.182231104651 0.0659334998701 0.0112703125681 8.88556409446e-05 0.0989851180995 0.00517629269049 -26.4330240512 1.84442731129 2.65297267804 0.177730062026 -0.163848880031 0.146753222651 -0.408728597925 0.200180371894 -0.230864538868 0.0994593885544 0.186046511628 
3 7 0.211695061647 0.00709674269338 0.135628633721 0.0188395127275 0.0106605682036 6.45198131505e-05 0.0896554862786 0.0025434623535 -26.3834359703 2.44205644262 2.54258713737 0.346144282864 -0.895092380355 0.585763301096 0.300131255403 0.190507278588 -0.377465981146 0.225645741041 0.302325581395 
3 7 0.298675441994 0.0172445568295 0.30804869186 0.0859556554007 0.0115570834612 9.18582602747e-05 0.165657852819 0.0245864603126 -26.1111967863 1.71440697073 2.1310398892 0.427318487906 -0.262004807568 0.745920247286 -0.0682220641808 0.121531905904 -0.363927787221 0.157272654128 0.209302325581 
3 7 0.197548757469 0.0027073203119 0.129269622093 0.00853343445782 0.00811374736228 7.70871911587e-05 0.0870158831293 0.000977244326133 -25.0712433601 0.398439851142 2.1182107341 0.512487980229 -1.27583297156 0.385451757247 0.345281023594 0.145265469423 -0.431093777001 0.118253442748 0.186046511628 
3 7 0.203476631344 0.00283511229068 0.132085755814 0.00905183716811 0.0103334261149 4.99256759284e-05 0.0886542574978 0.000977633711061 -24.7744757621 0.78870375753 2.18284010781 0.161548908437 -1.55495982296 0.355772181208 0.401673473306 0.110612068583 -0.219756763394 0.154149252689 0.209302325581 
3 7 0.253433904386 0.00736193943368 0.25390625 0.0578641669695 0.00614443715264 1.12304551011e-05 0.13489282301 0.00516688117392 -24.7707226893 2.97997432778 1.50418351842 0.264380180283 -1.13074995372 0.478971581825 -0.0493315282545 0.140332451236 -0.621974488136 0.102975315161 0.302325581395 
3 7 0.252478409145 0.00231194911447 0.16015625 0.0107187670331 0.00702748068561 1.80891376442e-05 0.121194192873 0.00118191581482 -23.4959253646 0.863762719467 1.52086710527 0.617793737723 -0.902694889952 0.618468988272 0.604573049143 0.24516736323 -0.140948932436 0.248290611608 0.372093023256 
3 7 0.212050597624 0.00334449795334 0.137354651163 0.0209066206343 0.00847521686494 3.09107895616e-05 0.0965275565467 0.0019234994113 -23.6449236683 1.32621370966 2.15262075159 0.230162376936 -0.154380728835 0.355027246525 0.346320705998 0.384771406714 -0.0867521216296 0.249817913871 0.372093023256 
3 7 0.187859165143 0.00390804525854 0.102470930233 0.0139648701579 0.00866981813137 3.55958554583e-05 0.0686751922814 0.000931549590525 -24.0418364507 1.948296143 2.35270574398 0.181254089413 -0.174500282287 0.449269276815 0.425612151111 0.140412911105 0.199396848866 0.0931777624457 0.372093023256 
3 7 0.190095568612 0.00298017629029 0.0870276162791 0.000806462900132 0.00882586902291 4.41865945356e-05 0.0697674418605 0.000680586861661 -24.0349296976 0.946722789928 2.37706930587 0.170330518795 -0.677619800779 0.0912752593706 0.41239461426 0.132565414222 0.220077215173 0.0916604140628 0.325581395349 
3 7 0.168456278729 0.00259259087378 0.110555959302 0.00877666731278 0.00734461439262 1.98579321168e-05 0.0716788786238 0.000564297466979 -23.2858033996 0.267020789121 2.55145642698 0.0924550681406 -0.846274139464 0.0903414118584 0.380787606514 0.0735686282569 0.0783659916272 0.0679796206086 0.279069767442 
3 7 0.180633549913 0.00436826088351 0.13253997093 0.021452008872 0.00745525692816 2.4989131638e-05 0.0755472625495 0.00150498517615 -23.8868018021 1.33234682647 2.34371272158 0.0979011079016 -0.388564491954 0.0582169534444 0.534594440142 0.0744206629549 -0.0384506447903 0.0467478121169 0.255813953488 
3 7 0.214935750665 0.00651772283316 0.208303052326 0.0398869862616 0.00639719368492 8.74050767136e-06 0.118918672917 0.00449650531065 -22.5689868309 0.655546883536 1.71911141721 0.193692653467 -0.71074774804 0.221483205887 0.923393254962 0.0759211769099 -0.0679850660612 0.0535407607185 0.418604651163 
3 7 0.179267927867 0.00376713064033 0.125635901163 0.0112538397022 0.00789143974898 2.92515746505e-05 0.0858781231511 0.00131084365011 -23.5503326802 1.38865347058 2.28500636489 0.195233827592 -0.431626215123 0.256342637703 0.94424230248 0.216752056412 -0.12070084512 0.084640558018 0.418604651163 
3 7 0.175331280861 0.00110656942768 0.141079215116 0.000345777859231 0.00966781992914 1.63654960303e-05 0.103399626815 0.000515653347656 -22.6843959748 0.474643705413 1.48247044569 0.24337001619 -0.769281833045 0.140069613705 1.22698320503 0.0499454543319 -0.158388605433 0.0721565781008 0.372093023256 
3 7 0.229041372565 0.00823194506103 0.162245639535 0.0396496786692 0.00863896007691 2.78020251898e-05 0.101397169253 0.00439718729951 -24.9018389732 1.01460022231 2.424591975 0.0987689736553 0.518325347024 0.172808604567 0.35971993605 0.0968291685619 -0.00535727903448 0.0851836643228 0.162790697674 
3 7 0.172149974988 0.00465027969721 0.0844840116279 0.0155135918592 0.00701647789466 2.6153347029e-05 0.0658080371365 0.00202811140052 -24.4964406251 0.518741946716 2.93853982079 0.132626804494 -0.170397488429 0.103006404682 0.142839552417 0.0718641854246 -0.312281289309 0.0511687143816 0.279069767442 
3 7 0.154249706116 0.00342939852172 0.0655886627907 0.00941187526936 0.00956664785278 4.53062393873e-05 0.0531106357803 0.000827128151379 -24.4957038322 0.533976952892 2.88335793075 0.127555653931 -0.039597066698 0.123730936912 0.507483351407 0.0518156328569 -0.112229035941 0.0530535246232 0.302325581395 
3 7 0.19238950266 0.00391310526343 0.138989825581 0.0219806281214 0.00767516437557 3.52228383094e-05 0.0927501934192 0.00254825095964 -24.0543652398 2.27842664638 2.12940858122 0.413283552337 -0.444200822844 0.295730466842 0.980610620222 0.084767235684 -0.084340385924 0.128028138622 0.348837209302 
3 7 0.244987006304 0.00218209588483 0.23464752907 0.0197487021859 0.00687185363678 8.82777664748e-06 0.141355299686 0.0018627802168 -22.7806207896 0.894818509392 1.35902106219 0.168096876663 -0.134610376118 0.270426497858 0.0306710736571 0.206070600251 -0.224902288672 0.143583799807 0.418604651163 
3 7 0.211092940236 0.00841158155395 0.2109375 0.048357586528 0.0111828071299 2.88816058761e-05 0.126746461566 0.00686019609893 -22.8138647893 0.934819198468 1.49038829952 0.228087618518 -0.79365786534 0.231364425222 0.612372370964 0.336859703611 0.0436697711971 0.198028065623 0.488372093023 
3 7 0.23663071915 0.00548636967038 0.207848837209 0.0324420010869 0.00755346583171 3.10454405221e-05 0.127474627952 0.00304208632412 -24.5154822105 1.43997450955 1.76086846426 0.23863842831 -0.503433586614 0.164690822943 0.620405754027 0.345487360405 -0.100209840028 0.103459851411 0.348837209302 
3 7 0.236085318003 0.0125860536299 0.264444040698 0.0811955899145 0.00909804172953 5.75376179402e-05 0.139307331725 0.0102836145399 -23.5597964521 1.93555519654 1.98005761622 0.190097064965 -0.421204225304 0.394044374741 0.375923202777 0.168341042286 -0.218533095872 0.067429942792 0.372093023256 
3 7 0.199335722295 0.00288163058829 0.153615552326 0.0125673664396 0.00810229515165 2.62058826336e-05 0.0953897965685 0.00206089843998 -22.7158062687 0.995519061388 1.70154664777 0.305295590736 -0.225474112482 0.215841246624 0.516958340153 0.353760648039 -0.342244514336 0.0825651656413 0.46511627907 
3 7 0.221773541171 0.00450403973354 0.184956395349 0.0279518899046 0.00652866803395 9.48591251018e-06 0.109862103491 0.00272930252425 -23.2869361802 1.10560969086 2.0536965373 0.333914296732 -0.474943237127 0.159886332365 0.476420208814 0.159601543904 -0.39321617001 0.0620270878206 0.558139534884 
3 7 0.17910603095 0.00122176221132 0.103015988372 0.000339258419881 0.010922556187 4.08693840531e-05 0.0871979247258 0.000165708141469 -22.9051576634 0.338060393092 1.83103924158 0.141627577574 -1.07131535138 0.19786219242 0.549026290015 0.0529033655748 0.0304757016302 0.0957051462234 0.372093023256 
