0.0 0.0 286.0 7.0 
2.0 0.0 226.0 80.0 
3.0 0.0 551.0 94.0 
4.0 0.0 113.0 5.0 
5.0 0.0 528.0 4.0 
6.0 0.0 902.0 16.0 
8.0 0.0 976.0 95.0 
11.0 0.0 1.0 0.0 
14.0 0.0 481.0 24.0 
37.0 0.0 813.0 21.0 
40.0 0.0 242.0 44.0 
42.0 0.0 697.0 44.0 
43.0 0.0 360.0 44.0 
46.0 0.0 911.0 94.0 
47.0 0.0 254.0 40.0 
48.0 0.0 389.0 41.0 
51.0 0.0 253.0 54.0 
52.0 0.0 912.0 94.0 
56.0 0.0 269.0 40.0 
58.0 0.0 290.0 53.0 
61.0 0.0 693.0 98.0 
66.0 0.0 320.0 67.0 
67.0 0.0 990.0 70.0 
73.0 0.0 284.0 82.0 
74.0 0.0 281.0 66.0 
75.0 0.0 975.0 55.0 
76.0 0.0 927.0 98.0 
78.0 0.0 932.0 77.0 
79.0 0.0 934.0 78.0 
80.0 0.0 569.0 82.0 
82.0 0.0 320.0 73.0 
83.0 0.0 342.0 51.0 
88.0 0.0 911.0 38.0 
94.0 0.0 903.0 52.0 
95.0 0.0 559.0 8.0 
96.0 0.0 279.0 35.0 
97.0 0.0 877.0 88.0 
98.0 0.0 389.0 48.0 
99.0 0.0 560.0 8.0 
136.0 1.0 542.0 186.0 
150.0 1.0 590.0 123.0 
151.0 1.0 501.0 162.0 
153.0 1.0 908.0 148.0 
154.0 1.0 921.0 196.0 
156.0 1.0 993.0 199.0 
161.0 1.0 274.0 107.0 
162.0 1.0 501.0 133.0 
191.0 1.0 965.0 198.0 
195.0 1.0 529.0 129.0 
199.0 1.0 563.0 156.0 
205.0 2.0 936.0 201.0 
206.0 2.0 556.0 204.0 
211.0 2.0 848.0 234.0 
213.0 2.0 942.0 243.0 
214.0 2.0 729.0 213.0 
215.0 2.0 530.0 258.0 
222.0 2.0 589.0 263.0 
224.0 2.0 27.0 210.0 
227.0 2.0 906.0 247.0 
230.0 2.0 597.0 279.0 
231.0 2.0 740.0 203.0 
232.0 2.0 598.0 291.0 
233.0 2.0 399.0 281.0 
234.0 2.0 728.0 300.0 
238.0 2.0 375.0 240.0 
239.0 2.0 709.0 206.0 
241.0 2.0 782.0 235.0 
242.0 2.0 40.0 244.0 
243.0 2.0 370.0 213.0 
245.0 2.0 875.0 233.0 
246.0 2.0 66.0 203.0 
247.0 2.0 389.0 227.0 
255.0 2.0 933.0 228.0 
257.0 2.0 999.0 264.0 
258.0 2.0 552.0 257.0 
262.0 2.0 320.0 235.0 
265.0 2.0 34.0 219.0 
266.0 2.0 714.0 270.0 
268.0 2.0 989.0 269.0 
269.0 2.0 599.0 273.0 
271.0 2.0 181.0 283.0 
272.0 2.0 357.0 249.0 
275.0 2.0 423.0 266.0 
276.0 2.0 506.0 288.0 
277.0 2.0 357.0 266.0 
278.0 2.0 96.0 223.0 
279.0 2.0 96.0 271.0 
280.0 2.0 48.0 218.0 
286.0 2.0 0.0 291.0 
296.0 2.0 714.0 299.0 
299.0 2.0 926.0 253.0 
301.0 3.0 941.0 310.0 
302.0 3.0 792.0 313.0 
303.0 3.0 899.0 393.0 
305.0 3.0 206.0 310.0 
309.0 3.0 947.0 331.0 
310.0 3.0 938.0 305.0 
311.0 3.0 431.0 312.0 
312.0 3.0 425.0 310.0 
314.0 3.0 936.0 336.0 
315.0 3.0 783.0 357.0 
316.0 3.0 203.0 333.0 
317.0 3.0 765.0 390.0 
318.0 3.0 859.0 329.0 
320.0 3.0 262.0 357.0 
321.0 3.0 214.0 343.0 
324.0 3.0 415.0 340.0 
325.0 3.0 915.0 344.0 
326.0 3.0 429.0 323.0 
327.0 3.0 854.0 354.0 
329.0 3.0 747.0 338.0 
333.0 3.0 926.0 316.0 
336.0 3.0 953.0 314.0 
339.0 3.0 240.0 342.0 
341.0 3.0 228.0 315.0 
342.0 3.0 926.0 370.0 
343.0 3.0 214.0 330.0 
344.0 3.0 800.0 346.0 
346.0 3.0 800.0 378.0 
347.0 3.0 121.0 369.0 
348.0 3.0 491.0 371.0 
353.0 3.0 447.0 363.0 
354.0 3.0 474.0 395.0 
355.0 3.0 918.0 389.0 
356.0 3.0 815.0 369.0 
357.0 3.0 272.0 342.0 
358.0 3.0 975.0 392.0 
359.0 3.0 931.0 366.0 
360.0 3.0 703.0 355.0 
362.0 3.0 419.0 332.0 
363.0 3.0 456.0 364.0 
364.0 3.0 448.0 363.0 
365.0 3.0 417.0 391.0 
368.0 3.0 680.0 313.0 
369.0 3.0 415.0 356.0 
372.0 3.0 988.0 331.0 
373.0 3.0 671.0 331.0 
375.0 3.0 238.0 355.0 
377.0 3.0 918.0 393.0 
380.0 3.0 912.0 379.0 
381.0 3.0 902.0 395.0 
382.0 3.0 747.0 345.0 
383.0 3.0 411.0 386.0 
384.0 3.0 444.0 381.0 
385.0 3.0 426.0 327.0 
386.0 3.0 821.0 383.0 
387.0 3.0 714.0 389.0 
388.0 3.0 695.0 324.0 
389.0 3.0 918.0 355.0 
394.0 3.0 910.0 360.0 
395.0 3.0 416.0 348.0 
397.0 3.0 680.0 375.0 
402.0 4.0 884.0 494.0 
403.0 4.0 880.0 419.0 
404.0 4.0 819.0 478.0 
405.0 4.0 74.0 497.0 
407.0 4.0 70.0 413.0 
408.0 4.0 764.0 418.0 
410.0 4.0 340.0 490.0 
411.0 4.0 383.0 409.0 
412.0 4.0 272.0 490.0 
413.0 4.0 762.0 407.0 
414.0 4.0 667.0 423.0 
415.0 4.0 358.0 490.0 
416.0 4.0 395.0 442.0 
417.0 4.0 365.0 456.0 
419.0 4.0 880.0 403.0 
421.0 4.0 398.0 485.0 
422.0 4.0 815.0 466.0 
423.0 4.0 299.0 414.0 
424.0 4.0 362.0 400.0 
425.0 4.0 312.0 482.0 
426.0 4.0 757.0 475.0 
429.0 4.0 326.0 467.0 
430.0 4.0 336.0 495.0 
431.0 4.0 310.0 482.0 
432.0 4.0 825.0 455.0 
433.0 4.0 742.0 431.0 
434.0 4.0 310.0 431.0 
436.0 4.0 384.0 404.0 
440.0 4.0 952.0 466.0 
443.0 4.0 912.0 486.0 
444.0 4.0 840.0 420.0 
455.0 4.0 806.0 411.0 
458.0 4.0 890.0 442.0 
461.0 4.0 826.0 494.0 
463.0 4.0 915.0 478.0 
464.0 4.0 802.0 419.0 
465.0 4.0 871.0 453.0 
466.0 4.0 849.0 474.0 
467.0 4.0 736.0 447.0 
475.0 4.0 701.0 479.0 
477.0 4.0 746.0 441.0 
480.0 4.0 861.0 433.0 
481.0 4.0 834.0 459.0 
483.0 4.0 891.0 490.0 
490.0 4.0 821.0 483.0 
492.0 4.0 870.0 417.0 
493.0 4.0 354.0 491.0 
494.0 4.0 807.0 492.0 
495.0 4.0 680.0 491.0 
496.0 4.0 807.0 494.0 
500.0 5.0 170.0 512.0 
501.0 5.0 151.0 512.0 
502.0 5.0 158.0 519.0 
503.0 5.0 116.0 522.0 
505.0 5.0 805.0 543.0 
506.0 5.0 276.0 559.0 
509.0 5.0 279.0 503.0 
513.0 5.0 172.0 598.0 
515.0 5.0 224.0 528.0 
516.0 5.0 110.0 511.0 
518.0 5.0 244.0 595.0 
519.0 5.0 271.0 560.0 
521.0 5.0 63.0 591.0 
524.0 5.0 900.0 511.0 
525.0 5.0 291.0 506.0 
531.0 5.0 843.0 527.0 
532.0 5.0 3.0 551.0 
547.0 5.0 900.0 524.0 
548.0 5.0 740.0 593.0 
552.0 5.0 675.0 563.0 
554.0 5.0 357.0 519.0 
556.0 5.0 206.0 561.0 
557.0 5.0 105.0 511.0 
559.0 5.0 276.0 506.0 
564.0 5.0 264.0 538.0 
566.0 5.0 148.0 593.0 
577.0 5.0 65.0 575.0 
579.0 5.0 705.0 584.0 
580.0 5.0 693.0 579.0 
581.0 5.0 321.0 596.0 
582.0 5.0 957.0 586.0 
583.0 5.0 980.0 584.0 
590.0 5.0 150.0 571.0 
594.0 5.0 219.0 599.0 
597.0 5.0 230.0 542.0 
599.0 5.0 269.0 598.0 
602.0 6.0 916.0 658.0 
608.0 6.0 330.0 680.0 
616.0 6.0 205.0 652.0 
618.0 6.0 992.0 659.0 
622.0 6.0 71.0 602.0 
629.0 6.0 371.0 643.0 
639.0 6.0 996.0 697.0 
658.0 6.0 916.0 659.0 
660.0 6.0 919.0 682.0 
667.0 6.0 414.0 657.0 
668.0 6.0 497.0 634.0 
669.0 6.0 998.0 689.0 
670.0 6.0 931.0 666.0 
671.0 6.0 373.0 652.0 
675.0 6.0 552.0 692.0 
680.0 6.0 495.0 679.0 
684.0 6.0 917.0 631.0 
688.0 6.0 56.0 699.0 
690.0 6.0 550.0 639.0 
691.0 6.0 965.0 692.0 
692.0 6.0 227.0 675.0 
696.0 6.0 414.0 680.0 
697.0 6.0 394.0 639.0 
699.0 6.0 377.0 698.0 
703.0 7.0 360.0 714.0 
705.0 7.0 973.0 783.0 
706.0 7.0 911.0 710.0 
707.0 7.0 378.0 763.0 
709.0 7.0 947.0 738.0 
710.0 7.0 976.0 703.0 
711.0 7.0 140.0 781.0 
712.0 7.0 918.0 794.0 
713.0 7.0 910.0 710.0 
714.0 7.0 387.0 740.0 
717.0 7.0 980.0 794.0 
733.0 7.0 84.0 737.0 
736.0 7.0 429.0 750.0 
740.0 7.0 933.0 714.0 
741.0 7.0 884.0 781.0 
743.0 7.0 844.0 796.0 
744.0 7.0 477.0 742.0 
748.0 7.0 335.0 721.0 
749.0 7.0 248.0 781.0 
755.0 7.0 475.0 701.0 
762.0 7.0 80.0 800.0 
763.0 7.0 989.0 783.0 
764.0 7.0 408.0 758.0 
765.0 7.0 415.0 799.0 
769.0 7.0 377.0 705.0 
770.0 7.0 477.0 778.0 
772.0 7.0 350.0 735.0 
779.0 7.0 912.0 799.0 
781.0 7.0 248.0 783.0 
782.0 7.0 241.0 783.0 
783.0 7.0 972.0 705.0 
784.0 7.0 887.0 756.0 
786.0 7.0 957.0 721.0 
794.0 7.0 984.0 712.0 
800.0 8.0 344.0 863.0 
801.0 8.0 909.0 816.0 
802.0 8.0 464.0 826.0 
815.0 8.0 356.0 844.0 
816.0 8.0 247.0 822.0 
821.0 8.0 387.0 816.0 
823.0 8.0 395.0 878.0 
827.0 8.0 464.0 804.0 
839.0 8.0 481.0 833.0 
840.0 8.0 444.0 824.0 
842.0 8.0 234.0 878.0 
843.0 8.0 531.0 816.0 
844.0 8.0 409.0 878.0 
845.0 8.0 767.0 888.0 
846.0 8.0 749.0 884.0 
847.0 8.0 485.0 848.0 
848.0 8.0 211.0 857.0 
849.0 8.0 248.0 869.0 
850.0 8.0 467.0 887.0 
851.0 8.0 797.0 886.0 
852.0 8.0 447.0 887.0 
855.0 8.0 470.0 862.0 
859.0 8.0 318.0 893.0 
861.0 8.0 736.0 872.0 
862.0 8.0 912.0 853.0 
863.0 8.0 281.0 800.0 
864.0 8.0 326.0 861.0 
867.0 8.0 87.0 884.0 
871.0 8.0 756.0 852.0 
876.0 8.0 453.0 853.0 
877.0 8.0 97.0 870.0 
878.0 8.0 409.0 844.0 
883.0 8.0 276.0 867.0 
884.0 8.0 741.0 867.0 
886.0 8.0 764.0 845.0 
888.0 8.0 798.0 872.0 
889.0 8.0 484.0 839.0 
890.0 8.0 467.0 850.0 
894.0 8.0 77.0 816.0 
895.0 8.0 975.0 844.0 
897.0 8.0 290.0 863.0 
899.0 8.0 425.0 894.0 
900.0 9.0 287.0 976.0 
902.0 9.0 422.0 966.0 
903.0 9.0 94.0 911.0 
905.0 9.0 153.0 908.0 
906.0 9.0 227.0 979.0 
908.0 9.0 153.0 905.0 
909.0 9.0 801.0 903.0 
910.0 9.0 394.0 972.0 
911.0 9.0 88.0 910.0 
912.0 9.0 52.0 903.0 
913.0 9.0 472.0 911.0 
914.0 9.0 862.0 912.0 
915.0 9.0 770.0 931.0 
916.0 9.0 658.0 917.0 
918.0 9.0 389.0 973.0 
919.0 9.0 660.0 997.0 
927.0 9.0 76.0 936.0 
928.0 9.0 690.0 939.0 
930.0 9.0 326.0 951.0 
931.0 9.0 415.0 981.0 
932.0 9.0 78.0 926.0 
933.0 9.0 740.0 901.0 
935.0 9.0 256.0 999.0 
937.0 9.0 686.0 965.0 
938.0 9.0 310.0 943.0 
940.0 9.0 629.0 937.0 
941.0 9.0 243.0 984.0 
942.0 9.0 213.0 947.0 
944.0 9.0 519.0 955.0 
945.0 9.0 297.0 933.0 
947.0 9.0 309.0 942.0 
948.0 9.0 296.0 993.0 
951.0 9.0 214.0 942.0 
952.0 9.0 725.0 962.0 
954.0 9.0 794.0 984.0 
955.0 9.0 228.0 933.0 
957.0 9.0 786.0 960.0 
958.0 9.0 250.0 920.0 
959.0 9.0 766.0 978.0 
960.0 9.0 794.0 984.0 
961.0 9.0 224.0 963.0 
962.0 9.0 466.0 963.0 
963.0 9.0 749.0 961.0 
964.0 9.0 389.0 900.0 
965.0 9.0 691.0 926.0 
967.0 9.0 396.0 942.0 
969.0 9.0 584.0 985.0 
971.0 9.0 821.0 975.0 
973.0 9.0 705.0 918.0 
975.0 9.0 358.0 977.0 
977.0 9.0 41.0 973.0 
979.0 9.0 563.0 929.0 
981.0 9.0 875.0 988.0 
982.0 9.0 686.0 980.0 
984.0 9.0 794.0 980.0 
985.0 9.0 794.0 920.0 
986.0 9.0 489.0 970.0 
988.0 9.0 372.0 981.0 
990.0 9.0 67.0 921.0 
991.0 9.0 658.0 916.0 
994.0 9.0 601.0 992.0 
998.0 9.0 254.0 904.0 
999.0 9.0 257.0 935.0 
