1039.6030159883721 -1.8189894035458565e-12 12238.63004292333 -1.000444171950221e-10 1.7589063091680062 -3.774758283725532e-15 41.116279069767444 -8.526512829121202e-14 -35.14824390330301 -8.586971165842998 1.8597245787175094 -0.058117923225296034 -0.3634476227934122 -35.14824390330301 -3.375077994860476e-14 1.9761969838327786e-14 5.551115123125783e-17 -2.7755575615628914e-15 0.6046511627906976 
809.2478197674419 -1.8189894035458565e-12 13057.669576671511 -9.094947017729282e-12 2.362570560255716 1.021405182655144e-14 39.58139534883721 -2.4868995751603507e-13 -33.694542500418564 -8.67113293042379 1.1349854692544528 0.467556065159436 -0.8450569487550507 -33.694542500418564 -1.9539925233402755e-14 7.66053886991358e-15 4.6629367034256575e-15 -8.104628079763643e-15 0.4883720930232558 
888.3698219476744 1.5916157281026244e-12 12605.780030716298 -3.8198777474462986e-11 2.4279486245887223 1.7763568394002505e-15 46.651162790697676 1.7053025658242404e-13 -34.202829525220814 -8.486674089420262 1.3533780774820396 0.3623588431714173 -0.7402214667473033 -34.202829525220814 1.1546319456101628e-14 -5.551115123125783e-16 2.275957200481571e-15 1.0547118733938987e-15 0.5348837209302325 
881.359011627907 4.547473508864641e-13 9964.069997672148 -6.548361852765083e-11 1.9802694057309351 -8.881784197001252e-16 53.116279069767444 -8.526512829121202e-14 -34.405668678026665 -8.853974926502513 1.6463527615512723 0.3632155833193768 -0.916190430860772 -34.405668678026665 -8.43769498715119e-14 2.7755575615628914e-15 2.886579864025407e-15 4.829470157119431e-15 0.5581395348837209 
883.3621002906976 2.0463630789890885e-12 12102.931887320583 7.366907084360719e-11 2.13172105093335 -1.0658141036401503e-14 35.55813953488372 1.2789769243681803e-13 -34.45793925799377 -8.224150287211483 1.0005213529023473 0.5285734709165837 -0.6494400156244894 -34.45793925799377 5.950795411990839e-14 -5.329070518200751e-15 -2.7755575615628914e-16 1.1102230246251565e-16 0.5348837209302325 
807.2447311046511 1.8189894035458565e-12 9854.132715837344 8.913048077374697e-11 2.198311365967573 3.552713678800501e-15 46.74418604651163 -5.684341886080802e-14 -33.94584037106442 -8.30063044453299 1.1349470037183118 0.29623251795958183 -0.7489613637997525 -33.94584037106442 -2.930988785010413e-14 3.4416913763379853e-15 -3.885780586188048e-16 -8.326672684688674e-15 0.6046511627906976 
932.4377725290698 0.0 6983.0708879337735 8.549250196665525e-11 1.2309716125560362 -3.774758283725532e-15 33.674418604651166 -1.2789769243681803e-13 -35.10048942192635 -7.336879047926711 0.951811876863723 0.3571859126581847 -0.6283899523654792 -35.10048942192635 3.197442310920451e-14 3.219646771412954e-15 -1.4432899320127035e-15 3.3306690738754696e-16 0.6511627906976745 
1048.6169149709303 -4.547473508864641e-12 14334.788408998 1.2005330063402653e-10 2.3664521970028103 -7.993605777301127e-15 39.18604651162791 -8.526512829121202e-14 -35.6135707978737 -7.211137593171836 1.0008709740074773 0.28531538337788903 -0.4366636353581143 -35.6135707978737 3.019806626980426e-14 -1.3322676295501878e-15 3.0531133177191805e-15 1.2212453270876722e-15 0.6046511627906976 
923.4238735465116 3.751665644813329e-12 13105.843368175418 -1.4551915228366852e-11 1.9184108002241267 3.552713678800501e-15 38.2093023255814 -2.0605739337042905e-13 -34.48419191570737 -8.087229445463903 1.259064780217975 0.2808081924248717 -0.5514406511021335 -34.48419191570737 -9.769962616701378e-15 7.993605777301127e-15 1.887379141862766e-15 -1.887379141862766e-15 0.6046511627906976 
807.2447311046511 4.547473508864641e-13 11856.526518639852 1.2732925824820995e-11 1.7008673810335093 -1.7763568394002505e-15 37.41860465116279 1.4210854715202004e-13 -34.16276898319642 -8.264640018531997 1.1811831388555318 0.4192543473254418 -0.7533485634787879 -34.16276898319642 2.5757174171303632e-14 3.219646771412954e-15 6.661338147750939e-16 5.662137425588298e-15 0.627906976744186 
945.4578488372093 -1.0231815394945443e-12 14913.159589048873 5.4569682106375694e-11 2.219073849361996 5.773159728050814e-15 35.81395348837209 7.105427357601002e-14 -34.88926457203684 -8.745862682999572 1.9883445047736465 0.04544149622451198 -0.7974935787335441 -34.88926457203684 -2.6645352591003757e-14 -6.661338147750939e-16 -3.3306690738754696e-16 2.9976021664879227e-15 0.5348837209302325 
1072.6539789244187 -2.0463630789890885e-12 11850.99124159702 9.094947017729282e-12 1.838308188111283 4.440892098500626e-16 34.395348837209305 -1.1368683772161603e-13 -34.782125174518285 -8.04547806291309 1.362531737003501 0.2673040634955105 -0.6441998330868323 -34.782125174518285 4.3520742565306136e-14 -1.1102230246251565e-16 1.4432899320127035e-15 3.2751579226442118e-15 0.5581395348837209 
900.3883539244187 -2.0463630789890885e-12 15082.504469192858 4.3655745685100555e-11 2.2383815753598544 8.881784197001252e-15 36.58139534883721 -1.2789769243681803e-13 -34.424269701843286 -8.335319801005365 1.5149078883465563 0.2091840369276365 -0.4883413127281364 -34.424269701843286 5.5067062021407764e-14 -3.3306690738754696e-15 1.304512053934559e-15 -5.495603971894525e-15 0.5348837209302325 
800.2339207848837 4.547473508864641e-13 11414.291855071311 7.275957614183426e-12 2.0100365288035813 4.440892098500626e-15 35.55813953488372 1.2789769243681803e-13 -34.163095644358414 -8.629335107913354 1.7900174131972768 -0.17090293327935216 -0.2454601561615207 -34.163095644358414 -2.3092638912203256e-14 -3.3306690738754696e-15 -1.9984014443252818e-15 -3.3306690738754696e-16 0.627906976744186 
866.3358466569767 1.1368683772161603e-13 16904.829467773438 -1.8189894035458565e-11 2.3892213369524757 -5.329070518200751e-15 36.18604651162791 -1.4210854715202004e-14 -33.854963023508816 -8.802488715273695 1.448730662947869 0.28280039263632606 -0.693604581294247 -33.854963023508816 -6.217248937900877e-15 1.2212453270876722e-15 2.6645352591003757e-15 -5.551115123125783e-16 0.627906976744186 
901.3898982558139 9.094947017729282e-13 12920.268269667517 -1.709850039333105e-10 1.8488689820433772 -6.217248937900877e-15 49.372093023255815 -2.842170943040401e-14 -34.3121922317394 -8.448143997625815 1.5498133851043876 0.2589425367605705 -0.8337263908269528 -34.3121922317394 4.796163466380676e-14 1.2212453270876722e-14 8.326672684688674e-17 7.771561172376096e-16 0.4883720930232558 
832.2833393895348 2.2737367544323206e-12 10899.438624750182 -3.9108272176235914e-11 1.6841087653193363 3.552713678800501e-15 54.093023255813954 7.105427357601002e-15 -34.62631503890462 -8.223100016647411 0.867148017133418 0.7277743015213086 -0.7773863976195193 -34.62631503890462 3.730349362740526e-14 -4.218847493575595e-15 2.1649348980190553e-15 -5.551115123125783e-16 0.5581395348837209 
871.3435683139535 2.2737367544323206e-13 12102.976359238735 -7.275957614183426e-12 1.893535495150921 -8.881784197001252e-16 40.02325581395349 2.1316282072803006e-14 -34.16737201960672 -7.930974262184334 0.8886221891983226 0.49839462525404477 -0.7191628023581293 -34.16737201960672 5.1514348342607263e-14 1.0436096431476471e-14 -3.0531133177191805e-15 -4.6629367034256575e-15 0.5348837209302325 
836.2895167151163 -1.1368683772161603e-12 11874.408387366004 1.382431946694851e-10 1.2807068665360295 5.773159728050814e-15 39.44186046511628 -1.5631940186722204e-13 -35.29983301209184 -7.252794148152148 1.0823382710994764 0.25998116526409226 -0.4619635290853598 -35.29983301209184 -8.171241461241152e-14 7.771561172376096e-15 -1.1102230246251565e-16 1.6653345369377348e-16 0.6511627906976745 
954.4717478197674 1.1368683772161603e-12 13538.719854026618 -1.127773430198431e-10 1.5713907909947773 -2.6645352591003757e-15 56.093023255813954 -1.7053025658242404e-13 -35.622857511464105 -7.298595290334365 1.2928974114132907 -0.14961551798923883 -0.1610442307283786 -35.622857511464105 4.263256414560601e-14 -3.774758283725532e-15 1.4432899320127035e-15 -1.1102230246251565e-15 0.6511627906976745 
925.4269622093024 -1.5916157281026244e-12 13718.860846089205 1.5279510989785194e-10 1.6855143904685974 0.0 43.53488372093023 1.0658141036401503e-13 -34.31165362615907 -8.26051256926084 1.6421143315152078 -0.2724108514175306 -0.1493049089311457 -34.31165362615907 5.240252676230739e-14 -1.5543122344752192e-15 -9.43689570931383e-16 4.440892098500626e-16 0.5813953488372093 
939.4485828488372 4.547473508864641e-13 13312.205558173602 -8.276401786133647e-11 2.3517251853332963 -8.881784197001252e-16 37.674418604651166 -1.2789769243681803e-13 -34.600159700897336 -7.970343404144347 1.325369392560624 0.03810790925715501 -0.5164623184496441 -34.600159700897336 2.042810365310288e-14 -1.1102230246251565e-15 -2.7755575615628914e-16 9.43689570931383e-16 0.5813953488372093 
941.4516715116279 1.8189894035458565e-12 12813.115337708941 -7.639755494892597e-11 1.7100513286368793 -1.176836406102666e-14 37.16279069767442 8.526512829121202e-14 -34.508988161060934 -8.915935639161923 1.926538925561312 0.22477353215154305 -0.8228898671606145 -34.508988161060934 -6.927791673660977e-14 -5.773159728050814e-15 1.5543122344752192e-15 -1.2212453270876722e-15 0.7441860465116279 
964.4871911337209 1.3642420526593924e-12 14821.927164618914 -1.2005330063402653e-10 2.4022016497545464 -8.881784197001252e-16 35.372093023255815 -2.842170943040401e-14 -34.70651252115502 -8.45928716354888 1.7403349427386983 0.15204222174958879 -0.5162916297293028 -34.70651252115502 2.6645352591003757e-14 1.3322676295501878e-14 1.942890293094024e-16 -4.496403249731884e-15 0.5813953488372093 
851.3126816860465 -2.2737367544323206e-13 14266.243877748004 -1.0732037480920553e-10 2.182322937388753 -2.220446049250313e-15 35.06976744186046 7.105427357601002e-14 -34.08071154559518 -8.60706075432642 1.5390074641212583 0.05850397138062602 -0.5183564045572107 -34.08071154559518 -7.37188088351104e-14 1.532107773982716e-14 -5.273559366969494e-16 -3.2751579226442118e-15 0.5581395348837209 
911.4053415697674 1.1368683772161603e-12 11391.058228958484 7.912603905424476e-11 1.6906281328478525 1.7763568394002505e-15 56.95348837209303 -2.4158453015843406e-13 -34.64650594177935 -8.514014727500127 1.8214504617044927 -0.3143740114905817 -0.3154642881925136 -34.64650594177935 3.019806626980426e-14 4.6629367034256575e-15 -2.3314683517128287e-15 6.661338147750939e-16 0.5813953488372093 
907.3991642441861 -9.094947017729282e-13 12503.31264364553 6.45741238258779e-11 2.2559972987618555 1.3766765505351941e-14 44.13953488372093 1.4210854715202004e-13 -34.39285873943495 -8.420202179317947 1.6163156984123666 0.09416891009156601 -0.7637253227367077 -34.39285873943495 7.993605777301127e-15 6.8833827526759706e-15 2.220446049250313e-16 1.6653345369377348e-15 0.5348837209302325 
903.3929869186046 1.9326762412674725e-12 12691.412407879496 6.184563972055912e-11 2.3839360960694247 -1.7763568394002505e-15 49.372093023255815 -8.526512829121202e-14 -33.9873298309506 -8.60319061879809 1.4989430392304817 0.3064863540228901 -0.8132325688335285 -33.9873298309506 8.348877145181177e-14 6.439293542825908e-15 -1.4432899320127035e-15 7.549516567451064e-15 0.5348837209302325 
886.3667332848837 5.684341886080801e-13 8315.532527338073 -4.001776687800884e-11 1.6052915476435838 -2.886579864025407e-15 57.93023255813954 -7.105427357601002e-14 -34.015643575464566 -8.482841041404578 1.0420117924786503 0.5950314019378478 -0.5697736749217427 -34.015643575464566 -3.019806626980426e-14 5.662137425588298e-15 -1.4988010832439613e-15 -3.3861802251067274e-15 0.6511627906976745 
991.5288880813954 -2.3874235921539366e-12 11254.223107626272 1.7280399333685637e-11 1.7380110087782839 -7.993605777301127e-15 49.883720930232556 8.526512829121202e-14 -34.7821408763579 -7.88369132506668 0.6389704692232574 0.5510606614079957 -0.6693354617317617 -34.7821408763579 -1.7763568394002505e-15 3.2751579226442118e-15 -1.1657341758564144e-15 -5.88418203051333e-15 0.5348837209302325 
